4
6
7
8
10
13
15
16
17
20
21
22
23
25
26
27
29
31
32
33
35
36
37
38
41
42
43
45
46
47
48
49
51
52
53
54
56
57
58
59
61
62
63
64
65
66
67
68
69
70
71
72
73
75
76
77
79
92
93
94
97
102
104
108
110
111
116
118
120
123
125
126
131
132
133
134
135
138
139
140
145
146
147
148
149
150
151
152
153
154
155
156
157
159
160
161
162
163
164
165
166
167
168
169
170
171
173
174
175
177
178
179
180
181
183
185
186
187
189
190
191
193
194
197
198
199
200
201
202
203
204
205
206
207
208
209
210
212
213
215
216
217
218
219
220
222
229
233
235
236
